0.000158	0.000001	4.7	    0.04
0.00029    0.000001    3.6     0.04
0.00045	    0.000001	2.46	0.04
0.00061	    0.000001	1.8	    0.02
0.00069	    0.000001	1.52	0.02
0.00077	    0.000001	1.28	0.02
0.00085	    0.000001	1.12	0.04
0.00093	    0.000001	0.94	0.02
0.00101	    0.000001	0.8	    0.02
0.00109	    0.000001	0.68	0.02
0.00117	    0.000001	0.578	0.02
0.00125	    0.000001	0.5	    0.01
0.00141	    0.000001	0.34	0.02
0.00149	    0.000001	0.32	0.02
0.00157	    0.000001	0.24	0.02
0.00165	    0.000001	0.2	    0.02
0.00181	    0.000001	0.16	0.02